10;25
-37.500000;0.483353;1.000000
0.000000;-7.005594;-10.000000
200.000000;-1.085300;-10.000000
37.500000;0.296830;0.000000
0.000000;-6.997393;-10.000000
200.000000;-0.876629;-10.000000
-37.500000;0.133020;0.500000
37.500000;-0.494665;0.000000
100.000000;-2.148092;0.000000
37.500000;0.001411;0.000000
37.500000;-0.482793;0.000000
100.000000;-2.014561;0.000000
37.500000;0.110861;0.000000
-37.500000;-0.440470;0.000000
100.000000;0.970694;0.000000
-37.500000;0.041289;0.600000
-37.500000;-0.424266;0.000000
100.000000;0.843741;0.000000
-100.000000;0.000000;-13.092475
100.000000;0.000000;9.516909
0.000000;0.000000;15.752727
100.000000;0.000000;12.090088
100.000000;0.000000;8.296199
0.000000;0.000000;14.247273
100.000000;0.000000;-5.255988
-100.000000;0.000000;1.732664
0.000000;0.000000;-5.797273
-100.000000;0.000000;4.158375
-100.000000;0.000000;0.454228
0.000000;0.000000;-4.202727
0;1;10000.000000;0.111000
0;2;10000.000000;0.111000
0;3;10000.000000;0.111000
0;4;10000.000000;0.111000
0;5;10000.000000;0.111000
1;2;10000.000000;0.111000
1;3;10000.000000;0.111000
1;4;10000.000000;0.111000
1;5;10000.000000;0.111000
2;3;10000.000000;0.111000
2;5;10000.000000;0.111000
2;6;10000.000000;0.111000
2;7;10000.000000;0.111000
2;9;10000.000000;0.111000
3;4;10000.000000;0.111000
3;6;10000.000000;0.111000
3;7;10000.000000;0.111000
3;8;10000.000000;0.111000
4;5;10000.000000;0.111000
4;7;10000.000000;0.111000
4;8;10000.000000;0.111000
4;9;10000.000000;0.111000
5;6;10000.000000;0.111000
5;8;10000.000000;0.111000
5;9;10000.000000;0.111000
