4;6
0.000000;0.000000;0.000000
0.000000;0.000000;0.000000
0.000000;0.000000;0.000000
10.000000;0.000000;0.000000
0.000000;0.000000;0.000000
0.000000;0.000000;0.000000
0.000000;0.000000;0.000000
10.000000;0.000000;0.000000
0.000000;0.000000;0.000000
10.000000;0.000000;0.000000
10.000000;0.000000;0.000000
0.000000;100.000000;100.000000
0;1;1000000.000000;0.010000;-198.
0;2;1000000.000000;0.010000;-100.
0;3;1000000.000000;0.010000;0
1;2;1000000.000000;0.010000;15.
1;3;1000000.000000;0.010000;100.
2;3;1000000.000000;0.010000;300.
