8;15
0.000000;0.000000;-30.000000
120.000000;0.000000;5.076495
0.000000;0.000000;0.000000
120.000000;2.694433;0.000000
120.000000;-4.199922;0.000000
0.000000;0.000000;0.000000
240.000000;4.322779;0.000000
120.000000;-12.715165;0.000000
0.000000;0.000000;0.000000
360.000000;4.806649;0.000000
120.000000;-23.101461;0.000000
0.000000;0.000000;0.000000
0.000000;0.000000;29.400000
0.000000;0.000000;4.923505
0.000000;0.000000;0.000000
120.000000;-2.646108;0.600000
0.000000;-4.198377;0.000000
0.000000;0.000000;0.000000
240.000000;-4.261004;0.000000
0.000000;-12.665218;0.000000
0.000000;0.000000;0.000000
360.000000;-4.858216;0.000000
0.000000;-23.585330;-10.000000
0.000000;0.000000;0.000000
0;1;10000.000000;0.111000
0;5;10000.000000;0.111000
1;2;10000.000000;0.111000
1;4;10000.000000;0.111000
1;5;10000.000000;0.111000
1;6;10000.000000;0.111000
2;3;10000.000000;0.111000
2;5;10000.000000;0.111000
2;6;10000.000000;0.111000
2;7;10000.000000;0.111000
3;6;10000.000000;0.111000
3;7;10000.000000;0.111000
4;5;10000.000000;0.111000
5;6;10000.000000;0.111000
6;7;10000.000000;0.111000
