10;25
-37.500000;0.437029;1.000000
0.000000;-6.999705;-10.000000
200.000000;-1.070225;-10.000000
37.500000;0.249307;0.000000
0.000000;-7.040298;-10.000000
200.000000;-0.870204;-10.000000
-37.500000;0.125086;0.500000
37.500000;-0.457834;0.000000
100.000000;-2.148325;0.000000
37.500000;-0.004680;0.000000
37.500000;-0.479601;0.000000
100.000000;-2.021887;0.000000
37.500000;0.057154;0.000000
-37.500000;-0.434474;0.000000
100.000000;0.989325;0.000000
-37.500000;-0.032537;0.600000
-37.500000;-0.374733;0.000000
100.000000;0.876291;0.000000
-100.000000;0.000000;-13.277480
100.000000;0.000000;10.034724
0.000000;0.000000;16.055558
100.000000;0.000000;11.632323
100.000000;0.000000;7.864441
0.000000;0.000000;13.944442
100.000000;0.000000;-4.926768
-100.000000;0.000000;1.521652
0.000000;0.000000;-5.494442
-100.000000;0.000000;4.471925
-100.000000;0.000000;0.579183
0.000000;0.000000;-4.505558
0;1;10000.000000;0.111000
0;2;10000.000000;0.111000
0;3;10000.000000;0.111000
0;4;10000.000000;0.111000
0;5;10000.000000;0.111000
1;2;10000.000000;0.111000
1;3;10000.000000;0.111000
1;4;10000.000000;0.111000
1;5;10000.000000;0.111000
2;3;10000.000000;0.111000
2;5;10000.000000;0.111000
2;6;10000.000000;0.111000
2;7;10000.000000;0.111000
2;9;10000.000000;0.111000
3;4;10000.000000;0.111000
3;6;10000.000000;0.111000
3;7;10000.000000;0.111000
3;8;10000.000000;0.111000
4;5;10000.000000;0.111000
4;7;10000.000000;0.111000
4;8;10000.000000;0.111000
4;9;10000.000000;0.111000
5;7;10000.000000;0.111000
5;8;10000.000000;0.111000
5;9;10000.000000;0.111000
