10;25
-37.5;1;1.0
0.0;1;-10.0
200.0;1;-10.0
37.5;1;0.0
0.0;1;-10.0
200.0;1;-10.0
-37.5;1;0.5
37.5;1;0.0
100.0;1;0.0
37.5;1;0.0
37.5;1;0.0
100.0;1;0.0
37.5;1;0.0
-37.5;1;0.0
100.0;1;0.0
-37.5;1;0.6
-37.5;1;0.0
100.0;1;0.0
-100.0;-1;0.0
100.0;-1;0.0
0.0;-1;0.0
100.0;-1;0.0
100.0;-1;0.0
0.0;-1;0.0
100.0;-1;0.0
-100.0;-1;0.0
0.0;-1;0.0
-100.0;-1;0.0
-100.0;-1;0.0
0.0;-1;0.0
0;1;10000;0.111
0;2;10000;0.111
0;3;10000;0.111
0;4;10000;0.111
0;5;10000;0.111
1;2;10000;0.111
1;3;10000;0.111
1;4;10000;0.111
1;5;10000;0.111
2;3;10000;0.111
2;5;10000;0.111
2;6;10000;0.111
2;7;10000;0.111
2;9;10000;0.111
3;4;10000;0.111
3;6;10000;0.111
3;7;10000;0.111
3;8;10000;0.111
4;5;10000;0.111
4;7;10000;0.111
4;8;10000;0.111
4;9;10000;0.111
5;7;10000;0.111
5;8;10000;0.111
5;9;10000;0.111