8;15
0.0;-1;0.0
120.0;-1;0.0
0.0;-1;0.0
120.0;1;0.0
120.0;1;0.0
0.0;-1;0.0
240.0;1;0.0
120.0;1;0.0
0.0;-1;0.0
360.0;1;0.0
120.0;1;0.0
0.0;-1;0.0
0.0;1;0.0
0.0;1;0.0
0.0;-1;0.0
120.0;1;0.6
0.0;1;0.0
0.0;-1;0.0
240.0;1;0.0
0.0;1;0.0
0.0;-1;0.0
360.0;1;0.0
0.0;1;-10.0
0.0;-1;0.0
0;1;10000;0.111
0;5;10000;0.111
1;2;10000;0.111
1;4;10000;0.111
1;5;10000;0.111
1;6;10000;0.111
2;3;10000;0.111
2;5;10000;0.111
2;6;10000;0.111
2;7;10000;0.111
3;6;10000;0.111
3;7;10000;0.111
4;5;10000;0.111
5;6;10000;0.111
6;7;10000;0.111